PIMIX -1.68 1.05 0.42 6.09 421.0 1.0 33.33 3.45 0.77 1.0 5.49 0.9166666666666666 0.4 0.25
IOFIX -22.8 1.5 1.92 6.01 54.0 0.2 6.81 0 0 0.4 0.0 1.0 1.0 -6.26
SFBDX 3.6 0.16 0.68 2.58 14.0 0.8 0.81 8.33 4.47 0.8 2.87 0.8333333333333334 0.2 0.64
DUTMX 3.49 0.86 0.63 4.99 3.58 1.0 0.0 6.81 5.68 1.0 4.54 0.8888888888888888 0.2 1.49
DUALX 3.2 0.84 0.78 2.54 16.54 1.0 0.0 5.0 4.4 1.0 3.07 0.9 0.8 0.48
WTTAX 2.6 0.65 0.84 2.96 114.0 1.0 10.11 0 0 1.0 0.0 1.0 0.4 0.88
BBINX 2.33 0.65 0.78 1.76 104.0 0.8 0.17 0 4.62 0.8 0.0 1.0 0.4 0.53
BMNSX 2.31 0.55 0.79 2.04 38.0 0.6 0.59 4.9 4.5 0.6 0.0 1.0 0.4 0.13
SIUSX 8.72 0.8 0.78 2.0 77.0 1.0 19.95 7.89 5.84 1.0 3.73 0.9117647058823529 0.2 0.85
CFNLX 2.75 0.59 0.79 1.92 29.0 0.6 8.07 5.11 4.74 0.6 2.69 0.9166666666666666 0.6 0.14
BFIAX 9.43 0.73 0.81 0.86 78.0 1.0 0.51 0 7.62 1.0 1.61 0.5714285714285714 0.6 0.83
PTXFX 2.81 0.11 0.8 2.49 11.25 0.8 0.53 0 0 0.8 2.84 0.84 0.4 0.09
JMUNX 3.03 0.66 0.79 1.8 10.54 0.4 3.35 9.01 5.58 0.4 2.24 0.92 0.2 -0.23
SCOAX 6.86 0.12 1.06 2.74 368.0 1.0 5.42 0.0 0 1.0 2.87 0.8695652173913043 0.6 0.43
EXDVX 3.88 0.58 0.67 1.49 29.0 0.2 1.91 10.12 4.76 0.2 0.98 0.84 0.2 -0.21
OWMBX 2.83 0.58 0.66 1.26 26.0 0.4 2.71 0 0 0.2 1.4 0.8571428571428571 0.2 -0.36
ANBAX 14.52 0.92 0.74 1.01 428.0 1.0 17.94 0 8.62 1.0 0.0 1.0 0.6 3.11
CCMPX 2.69 0.28 0.56 1.82 38.0 1.0 1.39 0 3.39 1.0 1.79 0.7777777777777778 0.8 0.14
VBTLX 6.35 0.05 1.01 2.47 31.0 0.8 3.17 8.1 6.21 0.8 2.24 0.8888888888888888 0.6 -0.02
BAGIX 6.36 0.3 1.08 2.53 31.0 1.0 3.01 7.48 5.69 1.0 2.74 0.8421052631578947 0.8 0.0
BCOIX 5.8 0.3 1.07 2.74 26.0 1.0 2.14 7.35 5.56 1.0 2.95 0.8421052631578947 0.6 0.04
BSBIX 2.93 0.3 0.39 2.3 64.0 0.8 4.38 1.97 1.87 0.8 1.52 0.9333333333333333 0.4 0.06
DODIX 5.28 0.42 0.78 2.78 49.0 0.8 2.09 8.1 4.2 0.8 2.87 0.8333333333333334 0.4 0.84
FCTFX 1.42 0.45 1.09 2.59 11.0 0.6 0.33 0 6.29 0.6 3.66 0.8285714285714286 0.4 -0.52
FGMNX 3.2 0.45 0.49 2.16 420.0 0.6 17.9 0 -0.08 0.6 1.93 0.9411764705882353 0.4 -0.04
FLTMX 1.49 0.35 0.94 2.26 14.0 0.6 2.81 0 4.84 0.6 2.7 0.8333333333333334 0.4 -0.41
FHIGX 0.36 0.45 1.28 2.72 16.0 0.6 3.57 0 6.71 0.6 3.89 0.7857142857142857 0.6 -0.72
FTFMX 0.5 0.46 1.15 2.4 15.0 0.6 0.12 0 6.76 0.6 3.52 0.8571428571428571 0.6 -1.06
FTABX 0.55 0.25 1.28 2.77 8.0 0.6 0.33 0 6.71 0.6 3.89 0.8888888888888888 0.6 -0.66
FTBFX 5.31 0.45 0.97 2.65 170.0 0.8 4.48 0 5.16 0.8 2.84 0.7647058823529411 0.6 0.07
HABDX 6.2 1.04 0.99 2.85 644.0 0.8 1.32 0 0 0.8 2.48 0.875 0.6 0.05
NERYX 6.87 0.48 0.95 2.41 297.0 1.0 15.45 10.15 7.21 1.0 2.85 0.84 0.6 0.55
LSIIX 5.59 0.51 0.95 3.26 44.0 0.8 4.67 8.73 6.38 1.0 2.58 0.8695652173913043 1.0 0.28
MWTIX 6.48 0.44 1.04 2.22 405.0 0.8 3.57 7.47 5.32 0.8 2.29 0.8947368421052632 0.4 0.14
PAIDX 0.61 0.38 0.13 2.03 89.0 0.8 26.21 0.31 0.19 0.8 1.44 1.0 0.6 -0.08
PRINX 0.13 0.5 1.26 2.79 8.7 0.6 0.03 19.76 6.75 0.6 3.87 0.8461538461538461 0.6 -1.29
PRSMX 1.52 0.5 0.9 2.38 9.2 0.6 0.21 9.28 4.7 0.6 2.75 0.8461538461538461 0.6 -0.65
PRTAX 0.32 0.53 1.14 3.12 10.6 0.6 0.23 19.23 6.44 0.6 3.5 0.813953488372093 0.4 -1.13
TPINX -4.44 0.92 -0.84 5.67 32.63 0.4 23.72 2.35 2.06 0.6 2.46 0.8484848484848485 0.8 0.33
VFIIX 3.48 0.21 0.5 2.33 616.0 0.8 4.47 3.0 1.0 0.8 2.11 0.9487179487179487 0.6 0.14
WATFX 5.41 0.45 1.02 2.52 125.0 1.0 3.15 11.01 5.53 1.0 3.34 0.8275862068965517 0.8 0.29
WACPX 4.19 0.45 1.16 3.25 122.0 1.0 30.07 12.78 6.53 1.0 3.85 0.8095238095238095 0.8 -0.23
DLTNX 2.41 0.73 0.8 3.34 31.0 0.6 3.22 4.51 3.23 0.6 2.64 0.8888888888888888 0.4 -1.0
WACIX 4.0 0.82 1.16 2.89 122.0 0.8 30.07 12.78 6.53 0.8 3.47 0.8235294117647058 0.8 -0.61
FTBFX 5.31 0.45 0.97 2.65 170.0 0.8 4.48 0 5.16 0.8 2.84 0.7647058823529411 0.6 0.07
FUAMX 9.71 0.03 1.09 1.84 58.0 1.0 6.4 0 6.43 1.0 0.0 1.0 1.0 0.35
FXNAX 6.53 0.03 1.0 2.4 35.0 0.8 3.31 0 5.45 0.8 2.28 0.875 0.6 0.06
FVIAX 7.12 0.78 0.9 1.28 246.0 0.8 21.14 0 5.34 0.8 1.29 0.9230769230769231 0.8 -0.4
BCOIX 5.8 0.3 1.07 2.74 26.0 1.0 2.14 7.35 5.56 1.0 2.95 0.8421052631578947 0.6 0.04
BAGIX 7.48 0.3 1.08 2.42 31.0 1.0 4.9 7.81 6.04 1.0 2.74 0.8421052631578947 0.8 0.11
