GLD 1.076904916484684 0.0 -0.01 0.4 13.71 0 10.19 0.99 0.99 -900.72
IAU 1.0766995932597327 0.0 -0.01 0.25 13.88 0 10.34 1.01 1.0 -889.23
SLV 1.4221967963386728 0.0 0.53 0.5 6.7 0 5.44 0.36 0.13 0.92
USO 0.9206185567010309 0.0 2.66 0.79 -26.43 0 -1.42 -1.13 -0.27 -11.24
SGOL 1.077277970011534 0.0 -0.02 0.17 13.85 0 10.26 1.01 1.0 -492.49
UCO 0.8391403451644415 0.0 4.67 0.95 -55.24 0 8.54 -1.17 -0.17 -12.66
PPLT 1.1078081143148764 0.0 0.61 0.6 -2.87 0 -1.29 -0.23 -0.23 -10.35
DBC 1.0094562647754137 2.06 0.98 0.85 -3.0 0 0.65 -0.23 -0.25 -6.13
SIVR 1.4240088105726871 0.0 0.53 0.3 6.92 0 5.65 0.38 0.14 1.32
AGQ 1.8371715861174183 0.0 1.09 0.95 2.94 0 9.71 0.48 0.09 -5.08
GLTR 1.1783815711754282 0.0 0.17 0.6 12.65 0 9.62 0.87 0.74 49.93
GSG 0.9803370786516855 0.0 1.44 0.75 -8.1 0 -0.44 -0.52 -0.3 -7.84
DBA 1.0839469808541975 1.91 0.29 0.85 -11.51 0 -11.59 -0.95 -1.21 -45.52
DJP 1.085920177383592 0.0 0.8 0.7 -6.96 0 -4.78 -0.61 -0.6 -12.22
DBO 0.9422283356258597 2.49 1.73 0.75 -1.09 0 9.37 0.17 0.01 -3.07
OUNZ 1.0778851620238772 0.0 -0.01 0.4 13.7 0 10.17 0.99 0.99 -845.25
PALL 1.173324565729629 0.0 0.23 0.6 32.01 0 29.85 2.53 1.08 125.0
BNO 0.9042553191489362 0.0 2.47 0.9 -3.27 0 18.02 0.57 0.11 -3.12
UNG 1.173131504257332 0.0 0.12 1.33 -26.1 0 -25.57 -2.04 -0.67 -239.92
UGL 1.1248846508766535 0.0 -0.02 0.95 21.91 0 18.46 1.69 0.9 -789.22
BCI 1.0710090763481046 1.83 0.67 0.25 -5.59 0 -4.06 -0.49 -0.6 -12.17
DGL 1.063465475525777 1.61 0.0 0.75 12.85 0 9.96 0.97 0.96 2437.38
DBP 1.1262396694214876 1.1 0.1 0.75 11.35 0 8.9 0.84 0.72 82.48
DGP 1.1211979410388395 0.0 0.01 0.75 25.18 0 20.66 1.86 1.0 1514.45
DBB 1.0465601111883251 2.0 0.58 0.75 -2.77 0 -2.4 -0.31 -0.36 -11.15
FTGC 1.0584170854271358 0.99 0.66 0.95 -5.44 0 -4.31 -0.5 -0.62 -12.65
CORN 1.0481632653061224 0.0 0.17 1.11 -15.1 0 -14.26 -1.12 -1.17 -88.58
SOYB 1.0833333333333333 0.0 0.25 1.15 -10.07 0 -7.97 -0.63 -0.66 -39.81
RJI 1.0414634146341464 0.0 1.02 0.75 -5.1 0 -1.17 -0.4 -0.35 -7.96
SCO 1.125 0.0 4.78 0.95 -28.59 0 -0.09 0.93 0.09 -5.6
GCC 1.0916509730069053 0.0 0.54 0.75 -5.03 0 -4.17 -0.44 -0.65 -13.68
UGA 0.9018344075359445 0.0 2.37 0.75 -5.69 0 19.94 0.77 0.14 -4.08
RJA 1.061023622047244 0.0 0.26 0.75 -7.85 0 -8.39 -0.67 -0.94 -38.25
KOLD 0.5458108770210681 0.0 0.17 1.54 20.14 0 54.09 4.68 0.67 142.87
BOIL 1.4349280695884912 0.0 0.06 1.31 -59.6 0 -67.55 -5.51 -0.96 -1131.47
COMB 1.067033516758379 1.84 0.67 0.25 -5.49 0 -3.97 -0.48 -0.59 -12.03
OILK 0.9044854881266492 1.4 2.62 0.65 -22.09 0 1.52 -0.87 -0.23 -9.79
WEAT 1.0204460966542752 0.0 -0.14 1.0 -13.12 0 -14.97 -1.05 -0.68 106.98
DBE 0.950207468879668 2.83 1.6 0.75 -3.96 0 5.1 -0.13 -0.11 -4.88
FAAR 1.0099160945842869 1.05 0.14 0.95 -0.58 0 -2.27 -0.11 -0.5 -22.84
COM 1.0463821892393321 0.74 0.22 0.7 -1.99 0 -2.94 -0.2 -0.62 -19.38
UCIB 1.0339384372533544 2.23 0.87 0.55 -1.37 0 1.49 -0.11 -0.19 -4.96
COW 1.0851959831551667 0.0 0.0 0.45 0.0 0 0.0 0.0 0.0 0.0
DBS 1.3932993445010924 1.24 0.52 0.75 5.41 0 5.82 0.4 0.14 1.39
CPER 1.01994459833795 0.0 0.72 0.8 1.77 0 2.86 0.06 -0.05 -3.7
BCM 1.0534947286216323 0.0 0.77 0.6 -0.13 0 2.09 -0.02 -0.13 -3.8
GLL 0.8600113122171946 0.0 -0.09 0.95 -23.88 0 -24.69 -1.93 -1.22 277.28
CANE 1.0157342657342656 0.0 0.64 1.0 -15.55 0 -13.07 -1.23 -0.74 -27.46
UCI 1.0560378847671665 0.0 0.88 0.55 -2.05 0 0.9 -0.17 -0.23 -5.64
DZZ 0.8767123287671234 0.0 0.04 0.75 -22.23 0 -22.26 -1.71 -1.07 -488.67
UBG 1.0728272827282728 0.0 -0.01 0.3 13.75 0 10.73 1.04 1.02 -833.6
USV 1.4416631310988544 0.0 0.56 0.4 5.54 0 6.41 0.43 0.14 1.34
RJZ 1.1227863046044864 0.0 0.43 0.75 2.71 0 2.41 0.15 0.01 -1.31
GAZ 1.2596513075965132 0.0 0.06 0.45 -29.44 0 -31.28 -2.49 -0.83 -563.13
BCD 1.0756731662024142 1.81 0.59 0.29 -2.65 0 -1.64 -0.25 -0.42 -8.96
DGZ 0.946705426356589 0.0 0.02 0.75 -10.88 0 -11.52 -0.82 -1.11 -510.56
GRU 0.998263888888889 0.0 0.01 0.75 -11.24 0 -12.29 -0.89 -0.74 -1835.68
RJN 0.9788732394366197 0.0 2.06 0.75 -12.57 0 2.3 -0.56 -0.22 -7.79
UAG 1.086013986013986 0.0 0.28 0.65 -9.98 0 -8.63 -0.7 -0.8 -37.07
TAGS 1.0351699882766707 0.0 0.24 1.0 -13.21 0 -13.1 -1.06 -1.23 -59.54
LD 1.00493762993763 0.0 0.4 0.75 -7.81 0 -7.42 -0.65 -0.53 -26.9
FUE 1.0202952029520296 0.0 0.35 0.75 -11.05 0 -10.03 -0.85 -0.97 -34.54
AAAU 1.0802879291251386 0.0 0.0 0.18 0.0 0 0.0 0.0 0.0 0.0
AADR 1.014388489208633 0.02 1.27 1.1 5.98 0 4.99 0.63 0.26 2.65
AAXJ 1.0378291672236333 1.72 1.01 0.68 5.64 0 2.01 0.37 0.16 1.24
ABEQ 1.0766816143497757 0 0.0 0.85 0.0 0 0.0 0.0 0.0 0.0
ACES 1.196037296037296 1.44 0.0 0.65 0.0 0 0.0 0.0 0.0 0.0
ACIO 1.047656557699882 0 0.0 0.79 0.0 0 0.0 0.0 0.0 0.0
ACSG 1.0555555555555556 2.86 0.0 0.16 0.0 0 0.0 0.0 0.0 0.0
ACSI 1.0812064965197217 1.74 1.0 0.66 8.18 0 -3.42 0.68 0.38 5.21
ACT 1.1590612777053455 2.72 0.0 0.99 0.0 0 0.0 0.0 0.0 0.0
ACWF 1.051336146272855 2.46 1.02 0.35 3.88 0 2.3 0.39 0.18 1.6
ACWV 1.0438161748141472 1.61 0.63 0.2 6.34 0 4.0 0.51 0.38 6.23
ACWX 1.048949485918641 3.01 1.0 0.32 2.22 0 -0.1 0.19 0.04 -0.67
ADME 1.0206812652068127 0.93 0.71 0.81 6.75 0 -1.48 0.61 0.35 6.27
ADRE 1.0749312557286892 1.84 1.19 0.3 5.89 0 2.34 0.41 0.16 0.97
AESR 1.0621963070942664 0 0.0 1.42 0.0 0 0.0 0.0 0.0 0.0
AFIF 1.0 1.73 0.0 1.32 0.0 0 0.0 0.0 0.0 0.0
AFK 1.0636310566258027 7.79 1.35 0.79 -4.43 0 -5.61 -0.25 -0.2 -5.51
AFLG 1.0567117585848076 0 0.0 0.55 0.0 0 0.0 0.0 0.0 0.0
AFMC 1.0652045050385297 0 0.0 0.65 0.0 0 0.0 0.0 0.0 0.0
AFSM 1.0783961699581088 0 0.0 0.75 0.0 0 0.0 0.0 0.0 0.0
AFTY 1.0072202166064983 4.45 1.01 0.7 12.62 0 6.8 0.77 0.36 5.6
AGG 1.0 2.46 1.0 0.04 5.52 0 -0.07 0.43 1.07 3.55
AGGP 0.9954819277108432 2.59 0.6 0.33 2.85 0 -1.08 0.23 0.43 1.75
AGGP 0.9954819277108432 2.59 0.6 0.33 2.85 0 -1.08 0.23 0.43 1.75
AGQ 1.905287058060331 0.0 1.09 0.95 2.94 0 9.71 0.48 0.09 -5.08
AGT 0.9516711833785004 0.71 1.73 0.59 -3.48 0 -1.33 0.13 0.0 -4.36
AGZ 1.002232142857143 1.92 0.66 0.2 4.34 0 0.18 0.35 1.03 3.9
AGZD 0.9983018467416684 2.66 0.07 0.23 2.01 0 0.01 0.16 0.11 3.44
AIA 1.0573082489146166 2.03 1.0 0.5 9.18 0 5.7 0.68 0.35 4.91
AIEQ 1.0200953678474114 0.64 0.0 0.87 0.0 0 0.0 0.0 0.0 0.0
AIIQ 1.0668449197860963 1.28 0 0.79 0.0 0 0 0 0 0
AIQ 1.0443238353686115 0.57 0.0 0.68 0.0 0 0.0 0.0 0.0 0.0
AIRR 1.1478412559965112 0.24 1.34 0.7 -0.84 0 -5.18 0.34 0.1 -0.52
ALTL 1.0536237955592793 0 0.0 0.6 0.0 0 0.0 0.0 0.0 0.0
ALTS 1.0121492623662136 2.56 0.71 0.95 -1.3 0 -5.9 -0.08 -0.34 -4.24
ALTY 1.0432276657060517 10.62 2.19 2.95 -4.38 0 -11.88 -0.02 -0.08 -2.45
AMCA 1.0742705570291777 2.92 0.0 0.15 0.0 0 0.0 0.0 0.0 0.0
AMLP 0.9412273120138289 46.39 2.1 0.87 -8.93 0 -10.07 0.28 0.04 -4.39
AMOM 1.070055796652201 0.14 0.0 0.75 0.0 0 0.0 0.0 0.0 0.0
AOA 1.0484967788117394 2.61 1.29 0.25 6.32 0 -1.45 0.51 0.34 2.86
AOK 1.0207197382769901 2.56 0.55 0.25 5.72 0 1.1 0.44 0.62 6.48
AOM 1.0288342033308477 2.61 0.69 0.25 5.89 0 0.59 0.45 0.52 5.23
AOR 1.04 2.61 0.99 0.25 6.13 0 -0.45 0.48 0.4 3.72
ARCM 1.0042897047086992 1.88 0.06 0.5 1.88 0 -0.03 0.16 0.27 3.14
ARGT 0.9500580720092916 0.33 1.73 0.6 -3.33 0 -1.16 0.15 0.0 -4.27
ARKG 1.0517421602787456 1.98 1.58 0.75 41.47 0 27.5 3.17 1.0 22.28
ARKK 1.100148184736972 0.27 1.55 0.75 44.07 0 26.84 3.1 1.1 23.06
ARKQ 1.166400956556397 0.0 1.34 0.75 23.32 0 12.82 1.84 0.8 14.16
ARKW 1.0678475243422416 0.0 1.39 0.76 47.37 0 28.99 3.2 1.31 28.22
ARMR 1.0924791086350976 0 0.0 0.6 0.0 0 0.0 0.0 0.0 0.0
ASEA 0.9598108747044918 3.1 1.04 0.65 -2.63 0 -4.03 -0.13 -0.18 -4.83
ASET 1.0550635348479014 3.36 0.85 0.57 1.33 0 -0.3 0.17 0.02 -1.05
ASHR 1.012269938650307 0.98 0.87 0.65 9.24 0 4.02 0.53 0.21 2.68
ASHS 0.9706980752657282 0.52 0.7 0.65 1.74 0 -2.13 0.0 -0.07 -6.22
ASHX 1.001178781925344 1.69 0.8 0.6 9.17 0 3.91 0.51 0.21 2.91
ATMP 0.9565637065637066 10.9 1.93 0.95 -17.2 0 -22.08 -0.8 -0.29 -9.34
AUSF 1.084640989063243 4.4 0 0.27 0.0 0 0 0 0 0
AVDE 1.0792121601370155 0 0 0.23 0.0 0 0 0 0 0
AVDV 1.0907859078590785 0 0 0.36 0.0 0 0 0 0 0
AVEM 1.0399921197793538 0 0 0.33 0.0 0 0 0 0 0
AVUS 1.091653354632588 0 0 0.15 0.0 0 0 0 0 0
AVUV 1.1658854166666668 0 0 0.25 0.0 0 0 0 0 0
AWAY 1.0395421436004164 0 0.0 0.75 0.0 0 0.0 0.0 0.0 0.0
AWTM 1.0085348506401137 2.56 0.0 0.23 0.0 0 0.0 0.0 0.0 0.0
AZAA 0.9945184025058731 0 0.0 0.74 0.0 0 0.0 0.0 0.0 0.0
AZAL 1.033765213977228 0 0.0 0.74 0.0 0 0.0 0.0 0.0 0.0
AZBA 0.9845727848101266 0 0.0 0.74 0.0 0 0.0 0.0 0.0 0.0
AZBL 1.0166204986149585 0 0.0 0.74 0.0 0 0.0 0.0 0.0 0.0
BAPR 1.0246869409660109 0.0 0.0 0.79 0.0 0 0.0 0.0 0.0 0.0
BAR 1.0852842809364547 0.0 0.0 0.17 0.0 0 0.0 0.0 0.0 0.0
BATT 1.1042311661506707 3.91 0 0.72 0.0 0 0 0 0 0
BAUG 1.0475477349307376 0 0.0 0.79 0.0 0 0.0 0.0 0.0 0.0
BBAX 1.0360915492957747 3.77 0 0.19 0.0 0 0 0 0 0
BBEU 1.0480599647266313 2.43 0.0 0.09 0.0 0 0.0 0.0 0.0 0.0
BBH 0.9442948602883983 0.29 0.96 0.35 10.58 0 4.51 0.96 0.44 8.26
BBIN 1.0542437779195917 0 0.0 0.07 0.0 0 0.0 0.0 0.0 0.0
BBMC 1.068082237950792 0 0.0 0.07 0.0 0 0.0 0.0 0.0 0.0
BBP 0.9826768405856877 0.0 1.18 0.79 6.98 0 1.22 0.79 0.3 3.91
BBRE 1.069826852114675 2.84 0.0 0.11 0.0 0 0.0 0.0 0.0 0.0
BCD 1.084493964716806 1.81 0.59 0.29 -2.65 0 -1.64 -0.25 -0.42 -8.96
BCI 1.0774159103043246 1.83 0.67 0.25 -5.59 0 -4.06 -0.49 -0.6 -12.17
BDCX 1.1340160284951024 0 0 0.0 0.0 0 0 0 0 0
BDEC 1.0438498699368264 0 0.0 0.79 0.0 0 0.0 0.0 0.0 0.0
BETZ 1.2823899371069183 0 0.0 0.75 0.0 0 0.0 0.0 0.0 0.0
BFEB 1.0323372902169463 0 0.0 0.79 0.0 0 0.0 0.0 0.0 0.0
BFIT 1.0876057740169238 0.41 0.99 0.5 9.88 0 8.03 0.87 0.46 7.43
BFIT 1.0876057740169238 0.41 0.99 0.5 9.88 0 8.03 0.87 0.46 7.43
BFOR 1.0784114052953155 0.76 1.25 0.65 2.11 0 -9.88 0.35 0.12 0.11
BGRN 1.0149936002925581 3.58 0 0.2 0.0 0 0 0 0 0
BIB 0.9225857940941738 0.0 2.08 0.95 12.13 0 -2.06 1.7 0.41 4.38
BIBL 1.0928943937418514 1.27 0.0 0.35 0.0 0 0.0 0.0 0.0 0.0
BICK 1.0635310635310635 0.9 1.26 0.64 4.5 0 1.88 0.37 0.13 0.35
BIL 1.0001092537965695 1.39 0.0 0.14 1.53 0 -0.17 0.13 -1.47 -59.13
BIS 4.08 1.85 -1.71 0.95 -31.12 0 -10.86 -2.19 -0.64 18.69
BIV 1.0059082608228596 2.51 1.2 0.05 6.41 0 0.13 0.51 1.1 3.74
BJAN 1.043463263194205 0.0 0.0 0.8 0.0 0 0.0 0.0 0.0 0.0
BJK 1.1923536439665474 3.68 1.62 0.66 -2.76 0 -9.86 0.07 -0.03 -3.25
BJUL 1.035688273852877 0.0 0.0 0.81 0.0 0 0.0 0.0 0.0 0.0
BJUN 1.0328786288912208 0.0 0.0 0.8 0.0 0 0.0 0.0 0.0 0.0
BKAG 0.9996056004732794 0 0.0 0.0 0.0 0 0.0 0.0 0.0 0.0
BKEM 1.041714756801319 0 0.0 0.11 0.0 0 0.0 0.0 0.0 0.0
BKF 1.0101380500431407 1.58 1.08 0.69 9.06 0 4.72 0.6 0.29 3.59
BKHY 1.0307400379506642 0 0.0 0.22 0.0 0 0.0 0.0 0.0 0.0
BKIE 1.0593487394957983 0 0.0 0.04 0.0 0 0.0 0.0 0.0 0.0
BKLC 1.0651815181518152 0 0.0 0.0 0.0 0 0.0 0.0 0.0 0.0
BKLN 1.0288909599254425 4.65 -0.08 0.65 1.78 0 0.33 0.15 0.01 1.48
BKMC 1.070443109884759 0 0.0 0.04 0.0 0 0.0 0.0 0.0 0.0
BKSB 1.0062256809338521 0 0.0 0.06 0.0 0 0.0 0.0 0.0 0.0
BKSE 1.0730328001292615 0 0.0 0.04 0.0 0 0.0 0.0 0.0 0.0
BLCN 1.1032938919091781 0.8 0.0 0.68 0.0 0 0.0 0.0 0.0 0.0
BLHY 1.0169491525423728 4.02 0.1 0.69 2.15 0 0.0 0.17 0.06 1.59
BLHY 1.0169491525423728 4.02 0.1 0.69 2.15 0 0.0 0.17 0.06 1.59
BLOK 1.1094890510948905 1.91 0.0 0.7 0.0 0 0.0 0.0 0.0 0.0
BLV 0.9977045996292047 3.01 2.65 0.05 11.44 0 -0.9 0.85 0.95 3.24
BMAR 1.0329067641681902 0 0.0 0.79 0.0 0 0.0 0.0 0.0 0.0
BMAY 1.031101353823637 0 0.0 0.79 0.0 0 0.0 0.0 0.0 0.0
BNDC 1.0007410151908116 2.36 1.0 0.35 5.53 0 -0.04 0.43 1.04 3.58
BNDC 1.0007410151908116 2.36 1.0 0.35 5.53 0 -0.04 0.43 1.04 3.58
BNDW 1.002450079627588 2.88 0.0 0.06 0.0 0 0.0 0.0 0.0 0.0
BNO 0.9007092198581561 0.0 2.47 0.9 -3.27 0 18.02 0.57 0.11 -3.12
BNOV 1.0411676646706587 0 0.0 0.79 0.0 0 0.0 0.0 0.0 0.0
BOCT 1.0470409711684372 0.0 0.0 0.8 0.0 0 0.0 0.0 0.0 0.0
BOIL 1.3813984610237537 0.0 0.06 1.31 -59.6 0 -67.55 -5.51 -0.96 -1131.47
BOTZ 1.113544201135442 0.39 1.33 0.68 10.63 0 3.04 1.02 0.43 5.97
BOUT 0.9799829642248723 0.0 0 0.84 0.0 0 0 0 0 0
BRF 1.0372222222222223 4.17 1.59 0.63 -0.5 0 3.67 0.54 0.13 -2.2
BSAE 1.002754820936639 3.78 0.0 0.29 0.0 0 0.0 0.0 0.0 0.0
BSBE 1.006990291262136 4.07 0.0 0.29 0.0 0 0.0 0.0 0.0 0.0
BSCE 1.013162988772745 4.11 0.0 0.29 0.0 0 0.0 0.0 0.0 0.0
BSCK 0.998118532455315 2.35 0.21 0.1 2.11 0 -0.34 0.18 0.42 1.99
BSCL 1.0 2.56 0.4 0.1 2.89 0 -0.26 0.24 0.63 2.93
BSCM 1.0022904260192396 2.64 0.65 0.1 3.74 0 -0.31 0.31 0.66 3.09
BSCN 1.0032124827902709 2.73 0.84 0.1 4.47 0 -0.31 0.36 0.69 3.2
BSCO 1.007688828584351 2.77 1.05 0.1 5.38 0 -0.19 0.44 0.7 3.37
BSCP 1.0080862533692723 2.9 1.21 0.1 6.04 0 -0.13 0.49 0.73 3.44
BSCQ 1.010199350950394 2.82 1.36 0.1 6.78 0 0.02 0.54 0.8 3.57
BSCQ 1.010199350950394 2.82 1.36 0.1 6.78 0 0.02 0.54 0.8 3.57
BSCR 1.0077590141487904 2.93 0.0 0.1 0.0 0 0.0 0.0 0.0 0.0
BSCS 1.0099783080260303 2.97 0.0 0.1 0.0 0 0.0 0.0 0.0 0.0
BSCT 1.0084269662921348 0 0.0 0.1 0.0 0 0.0 0.0 0.0 0.0
BSDE 1.0230648944487883 4.14 0.0 0.29 0.0 0 0.0 0.0 0.0 0.0
BSEP 1.029051987767584 0 0.0 0.79 0.0 0 0.0 0.0 0.0 0.0
BSJK 1.0008557980316646 3.2 0.09 0.42 2.47 0 0.35 0.2 0.27 7.16
BSJL 1.006993006993007 4.94 0.21 0.42 2.09 0 -0.54 0.16 0.04 0.22
BSJM 1.016866400355082 5.1 0.24 0.42 1.57 0 -1.13 0.12 -0.04 -2.06
BSJN 1.0235829540752999 5.51 0.33 0.42 2.36 0 -0.65 0.19 0.07 0.63
BSJO 1.0287648054145515 5.23 0.38 0.42 2.9 0 -0.33 0.22 0.14 2.02
BSJO 1.0287648054145515 5.23 0.38 0.42 2.9 0 -0.33 0.22 0.14 2.02
BSJP 1.03 5.84 0.0 0.42 0.0 0 0.0 0.0 0.0 0.0
BSJQ 1.029887920298879 5.6 0.0 0.42 0.0 0 0.0 0.0 0.0 0.0
BSJR 1.0469543147208122 0 0.0 0.42 0.0 0 0.0 0.0 0.0 0.0
BSML 1.0051566838556127 0 0 0.18 0.0 0 0 0 0 0
BSMM 1.008730158730159 0 0 0.18 0.0 0 0 0 0 0
BSMN 1.008277493102089 0 0 0.18 0.0 0 0 0 0 0
BSMO 1.0110453648915187 0 0 0.18 0.0 0 0 0 0 0
BSMP 1.010971786833856 0 0 0.18 0.0 0 0 0 0 0
BSMQ 1.012678288431062 0 0 0.18 0.0 0 0 0 0 0
BSMR 1.0119664938173116 0 0 0.18 0.0 0 0 0 0 0
BSMS 1.0070477682067345 0 0 0.18 0.0 0 0 0 0 0
BSMT 1.0043137254901962 0 0 0.18 0.0 0 0 0 0 0
BTAL 0.915233906437425 0.81 1.03 2.11 8.37 0 2.14 0.62 0.51 5.24
BTEC 1.006124234470691 0.0 1.37 0.42 17.23 0 9.28 1.55 0.6 10.32
BTEC 1.006124234470691 0.0 1.37 0.42 17.23 0 9.28 1.55 0.6 10.32
BTYS 0.9936143039591315 0 0.0 0.75 0.0 0 0.0 0.0 0.0 0.0
BUFF 1.0917210580556511 2.72 0.96 0.49 1.77 0 -6.67 0.38 0.14 0.67
BUG 0.9962581852198317 0 0 0.5 0.0 0 0 0 0 0
BUL 1.07170245398773 1.06 0.0 0.6 0.0 0 0.0 0.0 0.0 0.0
BUY 1.1187371310912835 9.13 0.0 0.8 0.0 0 0.0 0.0 0.0 0.0
BUYZ 1.0236280487804879 0 0 0.5 0.0 0 0 0 0 0
BWX 1.0299277605779154 1.11 0.84 0.35 3.23 0 -2.01 0.22 0.18 1.0
BWZ 1.03129074315515 0.33 0.19 0.35 0.28 0 -2.45 -0.01 -0.37 -9.81
BYLD 1.0097465886939572 3.51 0.95 0.2 4.86 0 -0.46 0.39 0.6 3.05
BZQ 0.9210351692103518 1.22 -1.48 0.95 -39.16 0 -13.61 -2.22 -0.47 26.03
CACG 1.0551965535810446 0.62 0.98 0.54 14.34 0 2.33 1.15 0.71 11.63
CALF 1.1394736842105262 0.61 1.38 0.59 -1.87 0 -13.2 0.19 0.02 -2.24
CANE 1.0104895104895106 0.0 0.64 1.0 -15.55 0 -13.07 -1.23 -0.74 -27.46
CARZ 1.1686889612311335 2.16 1.28 0.7 -0.59 0 -9.4 -0.05 -0.1 -3.83
CATH 1.0674157303370786 1.43 1.01 0.29 11.48 0 -0.16 0.97 0.58 8.85
CATH 1.0674157303370786 1.43 1.01 0.29 11.48 0 -0.16 0.97 0.58 8.85
CBON 1.0330167345092718 3.75 -0.13 0.5 2.99 0 1.62 0.24 0.22 -8.21
CCOR 1.029475982532751 1.47 -0.07 1.23 4.7 0 3.85 0.4 0.62 -42.4
CDC 1.066593164277839 3.09 0.71 0.35 5.78 0 -2.22 0.54 0.34 5.63
CDL 1.0600562228469204 4.16 1.03 0.35 1.17 0 -9.06 0.24 0.06 -0.54
CEFA 1.0519223147047165 0 0.0 0.35 0.0 0 0.0 0.0 0.0 0.0
CEFD 1.0499001996007984 0 0 0.0 0.0 0 0 0 0 0
CEFS 1.0732122587968218 9.63 0.31 4.48 3.16 0 1.92 0.39 0.17 4.5
CEMB 1.0324623911322248 4.28 0.89 0.5 4.42 0 -0.44 0.37 0.32 2.73
CEW 1.0097645031591038 2.05 -1.48 0.55 -0.87 0 -2.22 -0.09 -0.36 2.08
CEY 0.9619753086419753 5.01 0.0 0.51 0.0 0 0.0 0.0 0.0 0.0
CEZ 1.0008456659619451 2.46 1.05 0.5 -0.31 0 -2.73 -0.02 -0.11 -3.43
CEZ 1.0008456659619451 2.46 1.05 0.5 -0.31 0 -2.73 -0.02 -0.11 -3.43
CFA 1.0771349862258954 1.55 1.08 0.35 6.38 0 -4.72 0.65 0.33 4.14
CFCV 1.076953125 0 0.0 0.5 0.0 0 0.0 0.0 0.0 0.0
CFO 1.0597794544399304 1.24 0.71 0.35 7.16 0 -0.94 0.65 0.44 7.61
CGW 1.090860927152318 1.62 0.88 0.59 7.18 0 1.12 0.64 0.39 5.75
CHAD 0.9764325323475046 2.2 -0.63 0.85 -14.72 0 -3.45 -0.67 -0.46 18.16
CHAU 1.0059269015475798 0.54 1.42 1.21 10.99 0 -5.34 0.87 0.2 -0.75
CHEP 1.0451237263464337 3.04 -1.43 1.61 -18.55 0 -13.87 -1.44 -1.49 12.81
CHGX 1.06861499364676 0.87 0.0 0.49 0.0 0 0.0 0.0 0.0 0.0
CHIE 0.9508009153318078 5.32 0.85 0.66 -2.61 0 -6.66 -0.36 -0.32 -9.04
CHIH 0.9772265148434324 0.17 0.0 0.66 0.0 0 0.0 0.0 0.0 0.0
CHII 0.9676025917926565 1.66 0.73 0.66 1.94 0 -2.0 0.02 -0.08 -4.06
CHIK 0.9238193726301275 0.42 0.0 0.66 0.0 0 0.0 0.0 0.0 0.0
CHIL 1.0112893642305407 1.52 0.0 0.29 0.0 0 0.0 0.0 0.0 0.0
CIZ 1.0490774907749076 2.09 0.78 0.45 -3.21 0 -4.91 -0.22 -0.32 -6.68
CLIX 0.9804298235082242 0.0 0.0 0.65 0.0 0 0.0 0.0 0.0 0.0
CLOU 0.9855958096900915 0.0 0.0 0.68 0.0 0 0.0 0.0 0.0 0.0
CLRG 1.072003388394748 2.5 0.0 0.25 0.0 0 0.0 0.0 0.0 0.0
CLTL 0.9998109640831758 1.69 0.01 0.08 1.84 0 0.11 0.15 0.44 15.99
CLTL 0.9998109640831758 1.69 0.01 0.08 1.84 0 0.11 0.15 0.44 15.99
CMBS 1.0034639927073836 2.62 1.05 0.25 5.08 0 -0.59 0.4 0.81 3.02
CMDY 1.0799489144316732 2.6 0 0.28 0.0 0 0 0 0 0
CMF 1.0028924955809095 1.96 0.97 0.25 4.16 0 -0.2 0.33 0.59 2.3
CNBS 1.0757439134355276 0 0 0.75 0.0 0 0 0 0 0
CNCR 1.0217792543373938 0.0 1.17 0.79 5.58 0 2.69 0.91 0.29 3.88
CNRG 1.1932681867535289 1.62 0.0 0.45 0.0 0 0.0 0.0 0.0 0.0
CNXT 0.9567411679884644 0.37 0.94 0.65 10.52 0 5.9 0.69 0.24 3.48
CNYA 0.9913583580880367 1.11 0.9 0.6 11.37 0 5.49 0.65 0.31 4.86
CNYA 0.9913583580880367 1.11 0.9 0.6 11.37 0 5.49 0.65 0.31 4.86
COM 1.0602968460111317 0.74 0.22 0.7 -1.99 0 -2.94 -0.2 -0.62 -19.38
COMB 1.076038019009505 1.84 0.67 0.25 -5.49 0 -3.97 -0.48 -0.59 -12.03
COMT 1.0252442996742672 3.62 0.95 0.48 -3.23 0 0.35 -0.24 -0.26 -6.43
COPX 1.1567202906071614 0.72 1.73 0.65 -1.38 0 -9.29 0.18 0.01 -3.27
CORN 1.0481632653061224 0.0 0.17 1.11 -15.1 0 -14.26 -1.12 -1.17 -88.58
CORP 1.0025202050925524 3.08 1.41 0.2 6.78 0 -0.4 0.53 0.72 3.25
CPER 1.0509695290858725 0.0 0.72 0.8 1.77 0 2.86 0.06 -0.05 -3.7
CPI 1.0058931860036833 2.18 0.38 0.44 1.35 0 -2.05 0.12 -0.07 -0.98
CQQQ 0.9541942604856511 0.01 1.19 0.7 16.41 0 11.67 1.18 0.49 8.32
CRAK 0.9883828996282528 1.89 1.48 0.6 -0.86 0 -6.27 0.31 0.07 -1.25
CROC 0.8988439306358381 0.0 -26.9 1.03 4.26 0 15.63 0.6 0.29 -0.14
CSA 1.0801020408163264 1.54 1.24 0.35 -1.03 0 -11.75 0.19 0.02 -1.69
CSB 1.090552284833193 4.32 1.12 0.35 -0.33 0 -10.28 0.22 0.04 -1.24
CSD 1.1706223628691983 1.45 1.6 0.62 -6.48 0 -19.8 -0.18 -0.13 -5.19
CSF 1.062793121417405 1.27 0.85 0.35 -0.99 0 -9.19 0.08 -0.04 -2.63
CSM 1.0595879994469792 1.56 1.05 0.45 8.04 0 -3.43 0.73 0.39 5.4
CSML 1.0830188679245283 0.98 1.43 0.35 -4.94 0 -16.62 -0.06 -0.09 -4.17
CURE 1.1493941038162416 0.59 2.48 1.08 10.87 0 -5.2 1.77 0.4 3.34
CUT 1.140650406504065 3.15 1.19 0.61 -2.41 0 -8.64 -0.03 -0.1 -3.5
CVY 1.061804697156984 4.3 2.23 0.97 -4.47 0 -12.85 -0.08 -0.11 -2.6
CWB 1.0671782023175698 2.85 1.41 0.4 13.48 0 3.89 1.0 0.67 6.89
CWEB 0.9227748691099478 0.33 2.12 1.3 13.86 0 -1.45 1.78 0.35 2.15
CWEB 0.9227748691099478 0.33 2.12 1.3 13.86 0 -1.45 1.78 0.35 2.15
CWI 1.0486971379752243 2.94 0.99 0.3 2.39 0 0.1 0.21 0.05 -0.45
CXSE 1.0277005743931815 0.89 1.08 0.32 18.78 0 13.88 1.36 0.65 12.14
CYB 1.0369340746624305 2.04 -1.42 0.45 1.74 0 0.31 0.12 -0.04 0.26
CZA 1.0967794670590159 1.75 1.14 0.76 1.75 0 -8.8 0.36 0.12 0.29
DALI 1.0325342465753424 1.36 0.0 0.91 0.0 0 0.0 0.0 0.0 0.0
DALT 0.997638724911452 5.18 0.0 3.23 0.0 0 0.0 0.0 0.0 0.0
DAUG 0.9993674889310563 0 0.0 0.85 0.0 0 0.0 0.0 0.0 0.0
DAX 1.0112237509051412 1.14 1.17 0.21 -1.04 0 -1.51 0.09 -0.03 -2.23
DBA 0.9993188010899182 1.91 0.29 0.85 -7.51 0 -11.59 -0.95 -1.21 -45.52
DBAW 1.0 2.4 0.82 0.4 3.1 0 1.94 0.35 0.19 2.02
DBB 0.9980557355800389 2.0 0.58 0.75 -4.32 0 -2.4 -0.31 -0.36 -11.15
DBC 1.0 2.06 0.98 0.85 -4.46 0 0.65 -0.23 -0.25 -6.13
DBE 1.0 2.83 1.6 0.75 -8.41 0 5.1 -0.13 -0.11 -4.88
DBEF 1.0013131976362442 2.37 0.79 0.35 2.63 0 1.82 0.34 0.18 1.91
DBEM 0.9941980936593452 2.43 0.91 0.65 3.31 0 2.08 0.37 0.18 1.79
DBEU 1.0062271062271062 2.33 0.8 0.45 1.99 0 1.67 0.33 0.16 1.65
DBEZ 1.0061898211829436 1.53 0.97 0.45 1.04 0 1.39 0.31 0.12 0.71
DBGR 1.0070007369196756 1.41 1.02 0.45 1.48 0 0.77 0.27 0.08 -0.12
DBJP 0.9862475442043221 2.96 0.79 0.45 3.56 0 1.9 0.35 0.16 1.68
DBLV 0.9994196169471851 1.23 1.01 0.91 2.16 0 -9.11 0.22 0.05 -0.62
DBO 1.0 2.49 1.73 0.75 -5.39 0 9.37 0.17 0.01 -3.07
DBP 1.000190985485103 1.1 0.1 0.75 11.91 0 8.9 0.84 0.72 82.48
DBS 1.001435956346927 1.24 0.52 0.75 10.92 0 5.82 0.4 0.14 1.39
DBV 0.9970021413276231 1.45 3.06 0.75 -0.03 0 -2.69 0.01 -0.25 -0.56
DDG 0.9987959060806744 0.26 -1.79 0.95 9.6 0 25.4 0.77 0.22 -1.15
DDIV 0.9995219885277246 3.89 1.05 0.6 -2.54 0 -13.36 -0.1 -0.14 -4.85
DDM 1.0 0.7 2.04 0.95 8.42 0 -7.45 1.22 0.36 3.18
DDWM 0.9984295249312918 3.16 0.87 0.35 -1.15 0 -1.55 0.06 -0.06 -2.28
DEED 0.9992286926340147 0 0.0 0.65 0.0 0 0.0 0.0 0.0 0.0
DEEP 0.9986589181940098 7.94 1.36 0.59 -4.4 0 -16.12 -0.08 -0.1 -4.69
DEF 0.9998180494905387 1.26 0.89 0.55 8.99 0 -1.44 0.76 0.47 7.29
DEM 1.0008393956351427 5.65 1.1 0.63 -1.71 0 -0.24 0.19 0.03 -1.13
DES 1.0 3.68 1.24 0.38 -5.47 0 -16.13 -0.17 -0.16 -5.23
DEW 1.0007936507936508 4.26 1.01 0.58 -3.01 0 -2.56 -0.01 -0.11 -3.27
DFE 1.0038182512409315 3.35 1.35 0.58 -5.12 0 -4.96 -0.19 -0.18 -4.89
DFEB 1.0026058631921824 0 0.0 0.85 0.0 0 0.0 0.0 0.0 0.0
DFND 1.0326495232591737 0.34 0.41 1.44 11.64 0 5.24 0.92 1.16 23.38
DFND 1.0326495232591737 0.34 0.41 1.44 11.64 0 5.24 0.92 1.16 23.38
DFNL 1.0015965939329432 1.91 1.22 0.64 -3.05 0 -8.89 -0.03 -0.1 -3.65
DFVL 1.1640149742629855 0.0 2.43 0.75 7.99 0 -1.77 0.72 0.67 2.75
DFVS 1.141185647425897 0.0 -5.31 0.75 -22.58 0 -4.54 -1.82 -0.88 4.61
DGL 0.999462654486835 1.61 0.0 0.75 12.1 0 9.96 0.97 0.96 2437.38
DGRE 1.0004139072847682 2.58 1.08 0.32 0.19 0 0.11 0.21 0.05 -0.75
DGRW 1.0004093327875563 2.34 0.95 0.28 11.12 0 -0.35 0.9 0.56 8.65
DGS 0.9973487587370451 4.52 1.21 0.63 -2.07 0 -1.73 0.07 -0.04 -2.52
DGT 1.0003667481662593 2.69 1.0 0.5 3.09 0 1.97 0.36 0.16 1.38
DHS 0.9993557738766305 4.31 0.92 0.38 -0.3 0 -8.96 0.16 0.01 -1.31
DIAL 1.005597014925373 3.03 0.0 0.28 0.0 0 0.0 0.0 0.0 0.0
DIG 0.9893398167196559 6.29 3.6 0.95 -44.31 0 -52.89 -1.28 -0.24 -10.61
DIM 0.9980322003577817 2.98 1.07 0.58 -2.26 0 -3.59 -0.1 -0.16 -4.07
DINT 1.0040485829959513 2.69 0.0 0.68 0.0 0 0.0 0.0 0.0 0.0
DIVB 1.0465804066543438 1.84 0 0.25 0.0 0 0 0 0 0
DIVO 1.0604881499823133 5.08 0.78 0.49 9.89 0 0.07 1.02 0.75 13.11
DJCB 1.1092985318107667 0 0 0.0 0.0 0 0 0 0 0
DJUN 0.9977513652425313 0 0.0 0.85 0.0 0 0.0 0.0 0.0 0.0
DLN 1.000416796915703 2.94 0.96 0.28 6.33 0 -3.75 0.63 0.35 4.82
DMAY 1.0121173469387754 0 0 0.85 0.0 0 0 0 0 0
DMDV 1.0056410256410255 7.81 0.0 0.39 0.0 0 0.0 0.0 0.0 0.0
DMRE 1.0079934412789506 1.99 0.0 0.6 0.0 0 0.0 0.0 0.0 0.0
DMRI 0.9923835125448028 1.77 0.0 0.5 -2.07 0 0.0 0.0 0.0 0.0
DMRL 0.9947608585431806 1.28 0.0 0.35 6.66 0 0.0 0.0 0.0 0.0
DMRM 0.9846992244812407 1.0 0.0 0.45 -0.56 0 0.0 0.0 0.0 0.0
DMRS 0.9959651730728392 0.94 0.0 0.45 -1.07 0 0.0 0.0 0.0 0.0
DMXF 1.003478579274991 0 0.0 0.12 0.0 0 0.0 0.0 0.0 0.0
DNL 1.0062338452181847 1.89 0.95 0.58 7.11 0 6.49 0.74 0.46 6.55
DNOV 1.0 0 0.0 0.85 0.0 0 0.0 0.0 0.0 0.0
DOG 0.9997758852532497 0.83 -0.88 0.95 -11.5 0 -3.46 -0.88 -0.78 14.56
DON 0.9989543394911119 3.45 1.24 0.38 -2.05 0 -13.3 0.06 -0.04 -2.98
DOO 1.0047552447552448 4.27 0.93 0.58 -1.75 0 -1.88 0.04 -0.08 -2.58
DPST 1.0017102369899828 5.96 4.24 0.99 -57.13 0 -68.2 -2.02 -0.31 -12.96
DRIP 0.9995252413356543 6.57 -3.25 1.07 -59.44 0 35.9 0.43 0.03 20.09
DRIV 1.0024009603841537 0.69 0.0 0.68 0.0 0 0.0 0.0 0.0 0.0
DRN 0.9958932238193018 7.22 2.31 0.99 -22.77 0 -27.09 -0.2 -0.07 -9.79
BUYZ 1.0186717088158828 0 0 0.5 0.0 0 0 0 0 0
HELX 1.0063712713582391 0 0 0.5 0.0 0 0 0 0 0
IQM 1.0020783847980999 0 0 0.5 0.0 0 0 0 0 0
